93,3
93,2
93,1
93,0
92,6
92,5
92,4
92,3
92,2
92,1
92,0
91,6
91,5
91,4
91,3
91,2
91,1
91,0
90,6
90,5
90,4
0,563
90,3
90,2
90,1
90,0
89,4
89,3
89,2
89,1
89,0
0,562
88,4
88,3
88,2
88,1
88,0
0,561
87,4
87,3
87,2
87,1
87,0
86,3
86,2
86,1
86,0
85,3
85,2
85,1
85,0
84,4
84,3
84,2
84,1
84,0
83,4
83,3
83,2
83,1
83,0
82,4
82,3
82,2
82,1
82,0
81,4
0,560
81,3
81,2
81,1
81,0
80,4
80,3
80,2
80,1
80,0
79,4
79,3
79,2
79,1
79,0
78,4
78,3
78,2
78,1
78,0
77,3
77,2
77,1
77,0
76,4
76,3
76,2
76,1
76,0
75,3
75,2
75,1
75,0
74,3
74,2
74,1
74,0
73,5
73,4
73,3
73,2
73,1
73,0
72,3
72,2
72,1
72,0
0,559
71,4
71,3
71,2
71,1
71,0
70,3
70,2
70,1
70,0
69,3
69,2
69,1
69,0
68,6
68,5
68,4
68,3
68,2
68,1
68,0
67,6
67,5
67,4
67,3
67,2
67,1
67,0
0,558
0,557
66,6
66,5
66,4
66,3
66,2
66,1
66,0
65,4
65,3
65,2
65,1
65,0
0,556
64,4
64,3
64,2
64,1
64,0
0,555
0,554
63,4
63,3
63,2
63,1
63,0
0,553
0,552
0,551
62,3
62,2
62,1
62,0
61,3
61,2
61,1
61,0
0,550
0,549
60,4
60,3
60,2
60,1
60,0
0,548
59,4
59,3
59,2
59,1
59,0
58,4
58,3
58,2
58,1
58,0
57,4
57,3
57,2
57,1
57,0
56,4
56,3
56,2
56,1
56,0
55,4
55,3
55,2
55,1
55,0
54,4
54,3
54,2
54,1
54,0
53,3
53,2
53,1
53,0
52,4
52,3
52,2
52,1
52,0
51,3
51,2
51,1
51,0
50,3
50,2
50,1
50,0
49,5
49,4
49,3
49,2
49,1
49,0
48,3
48,2
48,1
48,0
47,4
0,547
47,3
47,2
47,1
47,0
0,546
46,3
46,2
46,1
46,0
0,545
0,544
0,543
45,3
45,2
45,1
45,0
0,542
0,541
0,540
0,539
0,538
44,6
44,5
44,4
44,3
44,2
44,1
44,0
0,537
43,6
43,5
43,4
43,3
43,2
0,536
43,1
43,0
0,535
42,6
42,5
42,4
42,3
42,2
42,1
42,0
0,534
0,533
41,4
41,3
41,2
41,1
41,0
40,4
40,3
40,2
40,1
40,0
0,532
0,531
0,530
0,529
0,528
0,527
0,526
0,525
39,4
39,3
39,2
0,524
39,1
39,0
0,523
0,522
0,521
0,520
38,3
38,2
38,1
38,0
37,3
37,2
37,1
37,0
0,519
0,518
0,517
0,516
0,515
0,514
0,513
0,512
36,4
36,3
36,2
36,1
36,0
35,4
35,3
35,2
35,1
35,0
0,511
0,510
0,509
34,4
34,3
34,2
34,1
34,0
0,508
33,4
0,507
0,506
33,3
33,2
33,1
33,0
0,505
0,504
32,4
32,3
32,2
32,1
32,0
31,4
0,503
31,3
31,2
31,1
31,0
0,502
30,4
30,3
30,2
30,1
30,0
29,3
29,2
29,1
29,0
0,501
0,500
0,499
28,4
28,3
28,2
28,1
28,0
0,498
27,3
27,2
27,1
27,0
26,3
26,2
0,497
26,1
26,0
0,496
0,495
0,494
0,493
25,5
0,492
25,4
0,491
25,3
25,2
25,1
25,0
0,490
24,3
24,2
24,1
24,0
0,489
0,488
23,4
0,487
0,486
0,485
23,3
23,2
23,1
23,0
0,484
22,3
22,2
22,1
22,0
0,483
0,482
0,481
0,480
0,479
0,478
0,477
0,476
0,475
0,474
0,473
0,472
0,471
0,470
0,469
0,468
0,467
0,466
0,465
0,464
0,463
0,462
0,461
0,460
0,459
0,458
0,457
0,456
0,455
0,454
0,453
0,452
0,451
0,450
0,449
0,448
0,447
0,446
0,445
0,444
0,443
0,442
0,441
0,440
0,439
0,438
21,4
21,3
21,2
0,437
21,1
21,0
0,436
0,435
0,434
0,433
0,432
0,431
0,430
0,429
0,428
0,427
0,426
0,425
20,3
20,2
20,1
20,0
0,424
19,3
19,2
19,1
19,0
0,423
0,422
0,421
0,420
0,419
0,418
0,417
0,416
0,415
0,414
0,413
0,412
0,411
18,4
18,3
18,2
0,410
18,1
18,0
0,409
0,408
0,407
0,406
17,4
0,405
0,404
0,403
17,3
17,2
0,402
17,1
17,0
0,401
0,400
0,399
0,398
0,397
0,396
0,395
0,394
0,393
0,392
0,391
0,390
0,389
0,388
0,387
0,386
16,4
16,3
16,2
0,385
16,1
16,0
0,384
0,383
0,382
15,4
0,381
0,380
0,379
15,3
15,2
0,378
15,1
15,0
0,377
0,376
0,375
14,4
0,374
0,373
0,372
14,3
14,2
0,371
14,1
14,0
0,370
0,369
0,368
13,4
0,367
0,366
0,365
13,3
13,2
0,364
13,1
13,0
0,363
0,362
0,361
0,360
12,4
0,359
0,358
0,357
12,3
12,2
0,356
12,1
12,0
0,355
0,354
11,3
11,2
0,353
11,1
11,0
0,352
0,351
0,350
10,4
0,349
0,348
0,347
10,3
10,2
0,346
10,1
10,0
0,345
0,344
0,343
0,342
0,341
9,3
9,2
0,340
9,1
9,0
0,339
0,338
8,3
8,2
0,337
8,1
8,0
0,336
0,335
0,334
0,333
7,5
0,332
0,331
0,330
0,329
7,4
0,328
0,327
0,326
7,3
7,2
0,325
7,1
7,0
0,324
0,323
0,322
6,3
6,2
0,321
6,1
6,0
0,320
0,319
0,318
5,4
0,317
0,316
0,243
5,3
5,2
5,1
5,0
4,3
4,2
0,9
4,1
4,0
3,3
3,1
3,0
2,3
2,1
2,0
1,3
1,1
1,0
0,310
0,305
0,308
0,307
0,302
0,304
0,303
0,12
0,10
0,8
0,0
0,300
0,299
0,298
0,297
0,296
0,295
0,294
0,293
0,292
0,291
0,290
0,289
0,288
0,287
0,286
0,285
0,284
0,283
0,282
0,281
0,280
0,279
0,278
0,277
0,276
0,275
0,274
0,273
0,272
0,271
0,270
0,269
0,268
0,267
0,266
0,265
0,264
0,263
0,262
0,261
0,260
0,259
0,258
0,257
0,256
0,255
0,254
0,253
0,252
0,251
0,250
0,249
0,248
0,247
0,246
0,245
0,244
0,242
0,241
0,240
0,239
0,238
0,237
0,236
0,235
0,234
0,233
0,232
0,231
0,230
0,229
0,228
0,227
0,226
0,225
0,224
0,223
0,222
0,221
0,220
0,219
0,218
0,217
0,216
0,215
0,214
0,213
0,212
0,211
0,210
0,209
0,208
0,207
0,206
0,205
0,204
0,203
0,202
0,201
0,200
0,199
0,198
0,197
0,196
0,195
0,194
0,193
0,192
0,63
0,62
0,61
0,60
0,59
0,58
0,57
0,56
0,55
0,54
0,53
0,52
0,315
0,51
0,314
0,50
0,313
0,49
0,312
0,48
0,311
0,47
0,309
0,46
0,306
0,45
0,301
0,6
0,5
0,1
0,11
0,4
0,2
0,3
0,7
